附件1
n=241 t0=0 t_end=14400 dt_median=60
T min=28 max=50.246 start=28 end=50.165
Cair min=0.01963 max=0.05025 start=0.01963 end=0.04986
early:
(0, 28, 0.01963)
(60, 28.528, 0.02002)
(120, 29.192, 0.02053)
(180, 29.684, 0.021)
(240, 30.037, 0.02151)
(300, 30.834, 0.02191)
(360, 31.293, 0.02233)
(420, 31.82, 0.02278)
around 1800s:
(1740, 41.166, 0.03262)
(1800, 41.513, 0.03307)
(1860, 41.918, 0.03345)
late:
(13980, 50.048, 0.04989)
(14040, 50.217, 0.0499)
(14100, 50.152, 0.04996)
(14160, 49.984, 0.05006)
(14220, 50.142, 0.05007)
(14280, 49.759, 0.04996)
(14340, 49.805, 0.04995)
(14400, 50.165, 0.04986)
last20 T:
[49.994, 50.081, 50.228, 49.893, 50.212, 49.762, 50.028, 50.067, 49.803, 49.82, 49.96, 50.233, 50.048, 50.217, 50.152, 49.984, 50.142, 49.759, 49.805, 50.165]

附件2
n=145 t0=0 t_end=259200 R0=2 Rend=1.198
first8:
(0, 2)
(1800, 1.873)
(3600, 1.794)
(5400, 1.703)
(7200, 1.625)
(9000, 1.589)
(10800, 1.552)
(12600, 1.51)
last8:
(246600, 1.198)
(248400, 1.198)
(250200, 1.198)
(252000, 1.198)
(253800, 1.198)
(255600, 1.198)
(257400, 1.198)
(259200, 1.198)
t=1800s R=1.873
t=10800s R=1.552
t=21600s R=1.374
t=43200s R=1.248
t=86400s R=1.204